SuperX3 U1 back side
1      1      2      0.006113    -0.482676
1      3      4      0.006171    -0.493614
1      5      6      0.006113    -0.482676
1      7      8      0.006113    -0.482676
2      1      2      0.006353    -0.462465
2      3      4      0.006370    -0.446575
2      5      6      0.006366    -0.449754
2      7      8      0.006537    -0.623926
3      1      2      0.006602    -0.563976
3      3      4      0.006606    -0.560677
3      5      6      0.006679    -0.578839
3      7      8      0.006546    -0.514168
4      1      2      0.006414    -0.639684
4      3      4      0.006415    -0.638614
4      5      6      0.006428    -0.626848
4      7      8      0.006480    -0.678546
