SIDAR E2
1      0.003503 -0.151407
2      0.003340 -0.099596
3      0.003357 -0.210601
4      0.003436 -0.083515
5      0.003393 -0.252634
6      0.003541 -0.156919
7      0.003240 -0.216860
8      0.003340 -0.191887
9      0.003522 -0.198226
10     0.003323 -0.138319
11     0.003071 -0.181992
12     0.003224 -0.158145
13     0.003255 -0.104926
14     0.003239 -0.132064
15     0.003358 -0.250283
16     0.003145 -0.133205
SIDAR E4
1      0.003358 -0.173061
2      0.003340 -0.122556
3      0.003410 -0.230308
4      0.003620 -0.275078
5      0.003465 -0.278277
6      0.003525 -0.182353
7      0.003640 -0.305949
8      0.003560 -0.110281
9      0.003522 -0.261614
10     0.003600 -0.209247
11     0.003256 -0.243514
12     0.003340 -0.203126
13     0.003465 -0.243625
14     0.003358 -0.277143
15     0.003406 -0.195960
16     0.003541 -0.151731
SIDAR E6
1      0.003487 -0.052167
2      0.003306 -0.075288
3      0.003375 -0.049313
4      0.003410 -0.107534
5      0.003415 -0.099572
6      0.003375 -0.103311
7      0.003541 -0.238353
8      0.003340 -0.008993
9      0.003410 -0.168921
10     0.003503 -0.095364
11     0.003192 -0.143460
12     0.003375 -0.218057
13     0.003447 -0.179962
14     0.003323 -0.055866
15     0.000000 0.000000
16     0.003428 -0.039654
SuperX3 U1 back side
1      1      2      0.006087    -0.426803
1      3      4      0.006171    -0.462761
1      5      6      0.006146    -0.486427
1      7      8      0.006113    -0.458224
2      1      2      0.006351    -0.450195
2      3      4      0.006415    -0.480016
2      5      6      0.006353    -0.430701
2      7      8      0.006339    -0.443413
3      1      2      0.006544    -0.482619
3      3      4      0.006612    -0.539783
3      5      6      0.006681    -0.550965
3      7      8      0.006612    -0.546395
4      1      2      0.006415    -0.608314
4      3      4      0.006416    -0.607245
4      5      6      0.006480    -0.646147
4      7      8      0.006416    -0.587900
SuperX3 U2 back side
1      1      2      0.006399    -0.603947
1      3      4      0.006426    -0.578346
1      5      6      0.006353    -0.557757
1      7      8      0.006353    -0.557757
2      1      2      0.005953    -0.554852
2      3      4      0.006000    -0.576218
2      5      6      0.005944    -0.512155
2      7      8      0.005930    -0.527023
3      1      2      0.006331    -0.645032
3      3      4      0.006351    -0.664206
3      5      6      0.006416    -0.664891
3      7      8      0.006353    -0.665754
4      1      2      0.006231    -0.491457
4      3      4      0.006231    -0.491457
4      5      6      0.006290    -0.515254
4      7      8      0.006290    -0.515254
SuperX3 U4 back side
1      1      2      0.006480    -0.607268
1      3      4      0.006544    -0.620053
1      5      6      0.006520    -0.642969
1      7      8      0.006518    -0.645154
2      1      2      0.006480    -0.775743
2      3      4      0.006494    -0.761697
2      5      6      0.006493    -0.762774
2      7      8      0.006416    -0.716219
3      1      2      0.006393    -0.738685
3      3      4      0.006395    -0.736563
3      5      6      0.002579    3.078488
3      7      8      0.006415    -0.762273
4      1      2      0.006544    -0.417175
4      3      4      0.006546    -0.416083
4      5      6      0.006564    -0.399711
4      7      8      0.006612    -0.447214
SuperX3 U3 back side
1      1      2      0.006544    -0.744398
1      3      4      0.006569    -0.721482
1      5      6      0.006542    -0.746663
1      7      8      0.006545    -0.744482
2      1      2      0.006817    -0.760208
2      3      4      0.006612    -0.559619
2      5      6      0.006612    -0.559619
2      7      8      0.006598    -0.572849
3      1      2      0.006307    -0.865478
3      3      4      0.006310    -0.862316
3      5      6      0.001913    3.634217
3      7      8      0.006290    -0.848647
4      1      2      0.005913    -0.689067
4      3      4      0.005915    -0.686099
4      5      6      0.005925    -0.676223
4      7      8      0.005926    -0.675244
SuperX3 U5 back side
1      1      2      0.006056    -0.592701
1      3      4      0.006056    -0.592701
1      5      6      0.006113    -0.623277
1      7      8      0.006056    -0.574532
2      1      2      0.006000    -0.564218
2      3      4      0.006000    -0.564218
2      5      6      0.006032    -0.532203
2      7      8      0.005997    -0.567418
3      1      2      0.006015    -0.549420
3      3      4      0.006027    -0.537376
3      5      6      0.006028    -0.536358
3      7      8      0.006012    -0.552454
4      1      2      0.006291    -0.495192
4      3      4      0.006320    -0.467915
4      5      6      0.006231    -0.435382
4      7      8      0.006227    -0.438498
SuperX3 U6 back side
1      1      2      0.006111    -0.391497
1      3      4      0.006056    -0.338341
1      5      6      0.006172    -0.418358
1      7      8      0.006113    -0.366528
2      1      2      0.006231    -0.640992
2      3      4      0.006171    -0.580003
2      5      6      0.002476    3.153959
2      7      8      0.006231    -0.640992
3      1      2      0.006231    -0.759374
3      3      4      0.006243    -0.746907
3      5      6      0.006246    -0.743778
3      7      8      0.006230    -0.760435
4      1      2      0.006171    -0.512126
4      3      4      0.006231    -0.516380
4      5      6      0.006201    -0.545470
4      7      8      0.006172    -0.517920
SuperX3 U8 back side
1      1      2      0.006291    -0.727973
1      3      4      0.006416    -0.786794
1      5      6      0.006353    -0.780104
1      7      8      0.006290    -0.716548
2      1      2      0.006279    -0.728086
2      3      4      0.006353    -0.767398
2      5      6      0.006290    -0.703967
2      7      8      0.006276    -0.718652
3      1      2      0.006416    -0.806042
3      3      4      0.006419    -0.802833
3      5      6      0.006546    -0.854538
3      7      8      0.006415    -0.800762
4      1      2      0.006480    -0.633187
4      3      4      0.006480    -0.633187
4      5      6      0.006546    -0.658171
4      7      8      0.006544    -0.659262
SuperX3 U7 back side
1      1      2      0.006231    -0.753143
1      3      4      0.006263    -0.720937
1      5      6      0.006230    -0.754368
1      7      8      0.006228    -0.756445
2      1      2      0.006544    -0.646231
2      3      4      0.006563    -0.628771
2      5      6      0.006612    -0.672023
2      7      8      0.006546    -0.645080
3      1      2      0.006171    -0.777464
3      3      4      0.006174    -0.774378
3      5      6      0.006290    -0.810904
3      7      8      0.006172    -0.776308
4      1      2      0.006055    -0.642331
4      3      4      0.006113    -0.696634
4      5      6      0.006128    -0.681344
4      7      8      0.006131    -0.678271
SuperX3 U10 back side
1      1      2      0.006612    -0.665411
1      3      4      0.006641    -0.638950
1      5      6      0.006546    -0.605806
1      7      8      0.006549    -0.602532
2      1      2      0.006172    -0.677563
2      3      4      0.006231    -0.709529
2      5      6      0.006113    -0.592711
2      7      8      0.006101    -0.604943
3      1      2      0.006416    -0.581484
3      3      4      0.006480    -0.639667
3      5      6      0.006511    -0.610494
3      7      8      0.006480    -0.639793
4      1      2      0.006612    -0.678635
4      3      4      0.006681    -0.744701
4      5      6      0.006695    -0.731334
4      7      8      0.006697    -0.729095
SuperX3 U9 back side
1      1      2      0.006820    -0.822325
1      3      4      0.006893    -0.837369
1      5      6      0.006821    -0.828052
1      7      8      0.006821    -0.828052
2      1      2      0.006493    -0.567698
2      3      4      0.006503    -0.557948
2      5      6      0.006500    -0.561191
2      7      8      0.006486    -0.574188
3      1      2      0.006171    -0.481273
3      3      4      0.006113    -0.421545
3      5      6      0.006144    -0.391984
3      7      8      0.006172    -0.486245
4      1      2      0.006291    -0.646185
4      3      4      0.006353    -0.703870
4      5      6      0.006366    -0.691159
4      7      8      0.006290    -0.622192
SuperX3 U12 back side
1      1      2      0.006172    -0.733107
1      3      4      0.006174    -0.731049
1      5      6      0.006186    -0.718695
1      7      8      0.006231    -0.765604
2      1      2      0.006353    -0.519640
2      3      4      0.006356    -0.516462
2      5      6      0.006383    -0.491024
2      7      8      0.006290    -0.464931
3      1      2      0.006416    -0.498076
3      3      4      0.006432    -0.483098
3      5      6      0.006415    -0.467401
3      7      8      0.006353    -0.437054
4      1      2      0.006278    -0.508028
4      3      4      0.006302    -0.486048
4      5      6      0.006279    -0.508110
4      7      8      0.006231    -0.466535
SuperX3 U11 back side
1      1      2      0.006096    -0.600556
1      3      4      0.006112    -0.616153
1      5      6      0.006171    -0.647881
1      7      8      0.006113    -0.592711
2      1      2      0.006225    -0.485680
2      3      4      0.006291    -0.545523
2      5      6      0.006321    -0.517198
2      7      8      0.006288    -0.548805
3      1      2      0.006172    -0.443044
3      3      4      0.006113    -0.360415
3      5      6      0.006171    -0.413396
3      7      8      0.006113    -0.384867
4      1      2      0.006395    -0.632166
4      3      4      0.006421    -0.607649
4      5      6      0.006399    -0.629059
4      7      8      0.006398    -0.630134
SuperX3 D2 back side
1      1      2      0.006171    -0.468932
1      3      4      0.006113    -0.409319
1      5      6      0.006171    -0.481273
1      7      8      0.006055    -0.375896
2      1      2      0.006111    -0.464835
2      3      4      0.006056    -0.404959
2      5      6      0.006000    -0.358333
2      7      8      0.006171    -0.530638
3      1      2      0.005598    -0.573625
3      3      4      0.005835    -0.824259
3      5      6      0.005695    -0.672978
3      7      8      0.005690    -0.678664
4      1      2      0.006168    -0.382338
4      3      4      0.006290    -0.502674
4      5      6      0.006171    -0.388713
4      7      8      0.006229    -0.442084
SuperX3 D1 back side
1      1      2      0.006000    -0.588218
1      3      4      0.008340    -2.769489
1      5      6      0.005999    -0.589061
1      7      8      0.005945    -0.540678
2      1      2      0.005937    -0.548609
2      3      4      0.006348    -0.950567
2      5      6      0.006133    -0.743134
2      7      8      0.006053    -0.672352
3      1      2      0.006000    -0.456220
3      3      4      0.006113    -0.568259
3      5      6      0.006118    -0.563163
3      7      8      0.006115    -0.566220
4      1      2      0.005786    -0.394570
4      3      4      0.005939    -0.546158
4      5      6      0.006144    -0.746538
4      7      8      0.005942    -0.553607
SuperX3 D3 back side
1      1      2      0.006231    -0.634761
1      3      4      0.006172    -0.560304
1      5      6      0.006229    -0.635181
1      7      8      0.006171    -0.573833
2      1      2      0.006122    -0.622192
2      3      4      0.006000    -0.496333
2      5      6      0.005996    -0.500335
2      7      8      0.006056    -0.562420
3      1      2      0.006290    -0.735419
3      3      4      0.006231    -0.678376
3      5      6      0.006353    -0.780104
3      7      8      0.006346    -0.786459
4      1      2      0.006290    -0.508964
4      3      4      0.006351    -0.564512
4      5      6      0.006351    -0.564512
4      7      8      0.006172    -0.393672
SuperX3 D4 back side
1      1      2      0.005885    -0.695187
1      3      4      0.005945    -0.742810
1      5      6      0.005891    -0.701703
1      7      8      0.005838    -0.642316
2      1      2      0.006291    -0.555405
2      3      4      0.006231    -0.485226
2      5      6      0.006291    -0.542824
2      7      8      0.006453    -0.697977
3      1      2      0.006071    -0.664298
3      3      4      0.006069    -0.666315
3      5      6      0.006080    -0.655177
3      7      8      0.006000    -0.598333
4      1      2      0.005838    -0.484692
4      3      4      0.005786    -0.435069
4      5      6      0.005735    -0.373341
4      7      8      0.005786    -0.429284
SuperX3 D5 back side
1      1      2      0.006416    -0.504492
1      3      4      0.006480    -0.568389
1      5      6      0.006497    -0.552182
1      7      8      0.006480    -0.536570
2      1      2      0.006453    -0.562496
2      3      4      0.006454    -0.561432
2      5      6      0.006546    -0.573078
2      7      8      0.006501    -0.614553
3      1      2      0.006353    -1.085036
3      3      4      0.006171    -0.888536
3      5      6      0.006172    -0.887507
3      7      8      0.006408    -1.150546
4      1      2      0.006480    -0.795182
4      3      4      0.006510    -0.766010
4      5      6      0.006416    -0.735467
4      7      8      0.006480    -0.795182
SuperX3 D6 back side
1      1      2      0.006231    -0.790527
1      3      4      0.006290    -0.848647
1      5      6      0.006353    -0.881748
1      7      8      0.006290    -0.817195
2      1      2      0.006113    -0.751651
2      3      4      0.006116    -0.748594
2      5      6      0.006151    -0.712899
2      7      8      0.010850    -5.111873
3      1      2      0.006291    -0.646185
3      3      4      0.006353    -0.672107
3      5      6      0.006291    -0.614728
3      7      8      0.006287    -0.618924
4      1      2      0.006248    -0.657714
4      3      4      0.006353    -0.697518
4      5      6      0.006319    -0.730355
4      7      8      0.006231    -0.640992
SuperX3 D7 back side
1      1      2      0.006291    -0.677642
1      3      4      0.006291    -0.614728
1      5      6      0.006260    -0.645150
1      7      8      0.006261    -0.644093
2      1      2      0.006679    -0.538763
2      3      4      0.006544    -0.410630
2      5      6      0.006544    -0.410630
2      7      8      0.006880    -0.735728
3      1      2      0.006612    -0.592679
3      3      4      0.006544    -0.528431
3      5      6      0.006583    -0.493510
3      7      8      0.006541    -0.531942
4      1      2      0.006421    -0.646467
4      3      4      0.006422    -0.645393
4      5      6      0.006438    -0.630398
4      7      8      0.006439    -0.629314
SuperX3 D8 back side
1      1      2      0.006544    -0.757487
1      3      4      0.006612    -0.777815
1      5      6      0.006544    -0.757487
1      7      8      0.006544    -0.757487
2      1      2      0.006537    -0.852719
2      3      4      0.006353    -0.659401
2      5      6      0.006291    -0.602145
2      7      8      0.006278    -0.614734
3      1      2      0.006231    -0.497688
3      3      4      0.006290    -0.552997
3      5      6      0.006353    -0.557757
3      7      8      0.006231    -0.503918
4      1      2      0.006650    -0.689214
4      3      4      0.006612    -0.652187
4      5      6      0.006681    -0.691256
4      7      8      0.006750    -0.752974
SuperX3 D10 back side
1      1      2      0.006415    -0.704538
1      3      4      0.006480    -0.730384
1      5      6      0.006463    -0.746591
1      7      8      0.006416    -0.703387
2      1      2      0.006679    -0.699068
2      3      4      0.006690    -0.689044
2      5      6      0.006691    -0.687924
2      7      8      0.006676    -0.702424
3      1      2      0.006480    -0.665586
3      3      4      0.006482    -0.663425
3      5      6      0.006504    -0.642887
3      7      8      0.006480    -0.665650
4      1      2      0.000000    0.000000
4      3      4      0.000000    0.000000
4      5      6      0.000000    0.000000
4      7      8      0.000000    0.000000
SuperX3 D9 back side
1      1      2      0.006353    -0.665754
1      3      4      0.006415    -0.685294
1      5      6      0.006353    -0.672107
1      7      8      0.006353    -0.672107
2      1      2      0.006612    -0.572843
2      3      4      0.006681    -0.617771
2      5      6      0.006679    -0.618885
2      7      8      0.006612    -0.577456
3      1      2      0.006290    -0.634773
3      3      4      0.006353    -0.691165
3      5      6      0.006290    -0.634773
3      7      8      0.006871    -1.183802
4      1      2      0.006709    -0.690663
4      3      4      0.006711    -0.688414
4      5      6      0.006681    -0.644493
4      7      8      0.006681    -0.644493
SuperX3 D12 back side
1      1      2      0.006351    -0.882061
1      3      4      0.006349    -0.884179
1      5      6      0.006290    -0.810904
1      7      8      0.006351    -0.875710
2      1      2      0.006291    -0.866383
2      3      4      0.006293    -0.864285
2      5      6      0.006231    -0.771835
2      7      8      0.006215    -0.787418
3      1      2      0.006353    -0.849984
3      3      4      0.006416    -0.902282
3      5      6      0.006353    -0.843631
3      7      8      0.006415    -0.909816
4      1      2      0.006743    -1.223634
4      3      4      0.006811    -1.254855
4      5      6      0.006546    -1.037814
4      7      8      0.006416    -0.908698
SuperX3 D11 back side
1      1      2      0.006108    -0.818214
1      3      4      0.005998    -0.744673
1      5      6      -0.001161    6.635744
1      7      8      0.008625    -2.761532
2      1      2      0.006231    -0.813526
2      3      4      0.006172    -0.776308
2      5      6      0.006195    -0.752640
2      7      8      0.005010    0.677148
3      1      2      0.006416    -0.850954
3      3      4      0.006406    -0.860582
3      5      6      0.007104    -1.492326
3      7      8      0.002159    3.433117
4      1      2      0.006229    -0.741073
4      3      4      0.006242    -0.727571
4      5      6      0.006172    -0.683735
4      7      8      0.005855    -0.022419
SIDAR E1
1      0.000000 0.000000
2      0.003224 -0.103344
3      0.003465 -0.077294
4      0.003640 -0.072973
5      0.003410 -0.052968
6      0.003115 -0.112149
7      0.003522 -0.039755
8      0.003580 -0.096900
9      0.003564 -0.121975
10     0.000000 0.000000
11     0.003256 -0.139932
12     0.003299 -0.067716
13     0.003541 -0.124451
14     0.003224 -0.167198
15     0.003340 -0.151804
16     0.003350 -0.136207
SIDAR E5
1      0.003447 0.005340
2      0.003600 -0.000458
3      0.003484 -0.056200
4      0.003477 -0.066658
5      0.003392 -0.103972
6      0.003522 -0.046798
7      0.003465 -0.004524
8      0.003100 -0.075598
9      0.003289 -0.081258
10     0.003256 -0.071556
11     0.003429 -0.145320
12     0.001648 4.631691
13     0.003484 -0.109283
14     0.003447 -0.015340
15     0.003520 -0.173882
16     0.003484 -0.035297
SIDAR E3
1      0.003375 -0.150560
2      0.003380 -0.142681
3      0.003347 -0.197923
4      0.003484 -0.182442
5      0.003429 -0.203606
6      0.003413 -0.230477
7      0.003208 -0.157230
8      0.003503 -0.179428
9      0.003445 -0.275219
10     0.003393 -0.096571
11     0.003375 -0.238306
12     0.003503 -0.221461
13     0.003357 -0.197172
14     0.003208 -0.114723
15     0.003289 -0.242436
16     0.003324 -0.183196
SIDAR dE1
1      0.000000 0.000000
2      0.001895 -0.059370
3      0.002090 -0.138069
4      0.002204 -0.086859
5      0.002234 -0.128381
6      0.002174 -0.051755
7      0.002219 -0.207424
8      0.002132 -0.156837
9      0.001062 2.792107
10     0.002037 -0.135787
11     0.002063 -0.128916
12     0.001987 -0.117221
13     0.001873 -0.058983
14     0.001906 -0.101014
15     0.001714 -0.039035
16     0.001770 -0.078419
SIDAR dE2
1      0.001714 -0.100749
2      0.001976 -0.040552
3      0.001976 -0.095870
4      0.002160 -0.098105
5      0.002137 -0.160060
6      0.001928 -0.168315
7      0.002024 -0.118963
8      0.001820 -0.105735
9      0.001975 -0.179677
10     0.001841 -0.125394
11     0.001855 -0.082425
12     0.001883 -0.138969
13     0.001670 -0.004832
14     0.001705 0.010477
15     0.001751 -0.046326
16     0.001557 0.039100
SIDAR dE3
1      0.001780 -0.017153
2      0.001952 -0.100879
3      0.002219 -0.057925
4      0.002131 -0.193897
5      0.002131 -0.091591
6      0.002025 -0.112637
7      0.002131 -0.057489
8      0.002077 -0.073310
9      0.002697 -0.398440
10     0.001862 -0.060176
11     0.001841 -0.045891
12     0.005998 -0.111841
13     0.001705 -0.072137
14     0.001636 -0.044140
15     0.001705 -0.051677
16     0.000797 2.803471
SIDAR dE4
1      0.000000 0.000000
2      0.002744 -0.219606
3      0.002250 -0.212182
4      0.002347 -0.145133
5      0.002219 -0.093432
6      0.002196 -0.154124
7      0.002050 -0.105764
8      0.002189 -0.172148
9      0.002282 -0.186609
10     0.002051 -0.145703
11     0.002025 -0.145035
12     0.001975 -0.118438
13     0.002025 -0.193631
14     0.001862 -0.068808
15     0.001848 -0.111029
16     0.000000 0.000000
SIDAR dE5
1      0.001780 -0.202260
2      0.002000 -0.166738
3      0.002131 -0.227999
4      0.002159 -0.282645
5      0.002189 -0.285974
6      0.002103 -0.233976
7      0.001999 -0.167826
8      0.002077 -0.172994
9      0.002042 -0.271344
10     0.001841 -0.168924
11     0.001884 -0.136760
12     0.000904 2.786779
13     0.001780 -0.202260
14     0.001742 -0.149734
15     0.001687 -0.192745
16     0.001619 -0.141211
SIDAR dE6
1      0.001723 -0.175609
2      0.001975 -0.205358
3      0.002132 -0.225702
4      0.002314 -0.208221
5      0.002287 -0.276134
6      0.002103 -0.208737
7      0.002131 -0.287677
8      0.002131 -0.117167
9      0.002077 -0.206222
10     0.001975 -0.229064
11     0.001928 -0.262809
12     0.002000 -0.150738
13     0.001761 -0.214073
14     0.001800 -0.167849
15     0.001636 -0.168485
16     0.001653 -0.200558
SIDAR dE1
1      0.000000 0.000000
2      0.001895 -0.059370
3      0.002090 -0.138069
4      0.002204 -0.086859
5      0.002234 -0.128381
6      0.002174 -0.051755
7      0.002219 -0.207424
8      0.002132 -0.156837
9      0.001062 2.792107
10     0.002037 -0.135787
11     0.002063 -0.128916
12     0.001987 -0.117221
13     0.001873 -0.058983
14     0.001906 -0.101014
15     0.001714 -0.039035
16     0.001770 -0.078419
SIDAR dE2
1      0.001714 -0.100749
2      0.001976 -0.040552
3      0.001976 -0.095870
4      0.002160 -0.098105
5      0.002137 -0.160060
6      0.001928 -0.168315
7      0.002024 -0.118963
8      0.001820 -0.105735
9      0.001975 -0.179677
10     0.001841 -0.125394
11     0.001855 -0.082425
12     0.001883 -0.138969
13     0.001670 -0.004832
14     0.001705 0.010477
15     0.001751 -0.046326
16     0.001557 0.039100
SIDAR dE3
1      0.001780 -0.017153
2      0.001952 -0.100879
3      0.002219 -0.057925
4      0.002131 -0.193897
5      0.002131 -0.091591
6      0.002025 -0.112637
7      0.002131 -0.057489
8      0.002077 -0.073310
9      0.002697 -0.398440
10     0.001862 -0.060176
11     0.001841 -0.045891
12     0.005998 -0.111841
13     0.001705 -0.072137
14     0.001636 -0.044140
15     0.001705 -0.051677
16     0.000797 2.803471
SIDAR dE4
1      0.000000 0.000000
2      0.002744 -0.219606
3      0.002250 -0.212182
4      0.002347 -0.145133
5      0.002219 -0.093432
6      0.002196 -0.154124
7      0.002050 -0.105764
8      0.002189 -0.172148
9      0.002282 -0.186609
10     0.002051 -0.145703
11     0.002025 -0.145035
12     0.001975 -0.118438
13     0.002025 -0.193631
14     0.001862 -0.068808
15     0.001848 -0.111029
16     0.000000 0.000000
SIDAR dE5
1      0.001780 -0.202260
2      0.002000 -0.166738
3      0.002131 -0.227999
4      0.002159 -0.282645
5      0.002189 -0.285974
6      0.002103 -0.233976
7      0.001999 -0.167826
8      0.002077 -0.172994
9      0.002042 -0.271344
10     0.001841 -0.168924
11     0.001884 -0.136760
12     0.000904 2.786779
13     0.001780 -0.202260
14     0.001742 -0.149734
15     0.001687 -0.192745
16     0.001619 -0.141211
SIDAR dE6
1      0.001723 -0.175609
2      0.001975 -0.205358
3      0.002132 -0.225702
4      0.002314 -0.208221
5      0.002287 -0.276134
6      0.002103 -0.208737
7      0.002131 -0.287677
8      0.002131 -0.117167
9      0.002077 -0.206222
10     0.001975 -0.229064
11     0.001928 -0.262809
12     0.002000 -0.150738
13     0.001761 -0.214073
14     0.001800 -0.167849
15     0.001636 -0.168485
16     0.001653 -0.200558
X3 dE5
1      0.003951 -0.098683
X3 dE7
1      0.003940 -0.114495
X3 dE6
1      0.004048 -0.035655
X3 dE3
1      0.003951 0.138373
X3 dE10
1      0.003951 -0.019664
X3 dE1
1      0.004048 0.045299
X3 dE12
1      0.004152 -0.028937
X3 dE11
1      0.003767 -0.065183
X3 dE4
1      0.003951 0.011943
X3 dE9
1      0.003951 -0.051272
X3 dE2
1      0.003857 -0.079333
X3 dE8
1      0.004048 -0.181371
BB10 U1
1      0.003951 0.043551
2      0.003951 -0.051272
3      0.004050 -0.179233
4      0.004153 -0.118998
5      0.004058 -0.254751
6      0.003767 -0.065183
7      0.004050 -0.179233
8      0.004153 -0.185454
BB10 U3
1      0.003763 -0.198994
2      0.003950 -0.186815
3      0.003951 -0.130290
4      0.002215 2.704708
5      0.003951 -0.114487
6      0.004048 -0.359468
7      0.004050 -0.292633
8      0.004050 -0.292633
BB10 U2
1      0.003600 -0.121052
2      0.003855 -0.158738
3      0.003845 -0.174167
4      0.003855 -0.189562
5      0.003951 -0.193505
6      0.003767 -0.065183
7      0.003951 -0.193505
8      0.003951 -0.335739
BB10 U6
1      0.004048 -0.116608
2      0.004263 -0.153228
3      0.004270 -0.144697
4      0.003767 -0.050114
5      0.004153 -0.152226
6      0.004172 -0.127291
7      0.003951 0.090962
8      0.004153 -0.168840
BB10 U5
1      0.004153 0.030527
2      0.004135 0.005592
3      0.003857 -0.033048
4      0.004263 -0.016807
5      0.003951 0.090962
6      0.004050 0.031367
7      0.004263 0.000246
8      0.004153 -0.069157
BB10 U4
1      0.004153 -0.218682
2      0.003951 -0.098683
3      0.004378 -0.088968
4      0.004153 -0.185454
5      0.004263 -0.221439
6      0.004153 -0.152226
7      0.004263 -0.204386
8      0.004153 -0.185454
BB10 U8
1      0.004050 -0.146833
2      0.004048 -0.051846
3      0.004036 -0.068045
4      0.004263 -0.238491
5      0.004153 -0.019315
6      0.004147 -0.027627
7      0.004153 -0.218682
8      0.003951 -0.177702
BB10 U7
1      0.003767 -0.185734
2      0.003767 -0.185734
3      0.003951 -0.225113
4      0.003967 -0.201394
5      0.003951 -0.177727
6      0.003951 -0.256720
7      0.003682 -0.268333
8      0.003951 -0.161898
BB10 U9
1      0.004048 0.126252
2      0.004378 -0.071456
3      0.004263 -0.085018
4      0.004048 -0.100418
5      0.004157 0.042685
6      0.004153 -0.019315
7      0.004263 -0.136175
8      0.004153 -0.052543
BB10 U11
1      0.001991 2.813524
2      0.001899 2.744583
3      0.001805 2.855592
4      0.004378 -0.159014
5      0.001991 2.749815
6      0.001890 2.882731
7      0.001896 2.834150
8      0.001888 2.822766
BB10 U10
1      0.004048 -0.262324
2      0.004050 -0.001033
3      0.004050 -0.227833
4      0.004153 -0.035929
5      0.004172 -0.010993
6      0.004628 0.037062
7      0.004153 -0.251910
8      0.004263 -0.221439
BB10 U12
1      0.002155 2.432364
2      0.003951 0.043551
3      0.004378 -0.334131
4      0.001881 2.936365
5      0.004263 -0.221439
6      0.004627 -0.029195
7      0.004378 -0.491736
8      0.000000 0.000000


