SIDAR dE1
1      0.000000 0.000000
2      0.001895 -0.059370
3      0.002090 -0.138069
4      0.002204 -0.086859
5      0.002234 -0.128381
6      0.002174 -0.051755
7      0.002219 -0.207424
8      0.002132 -0.156837
9      0.001062 2.792107
10     0.002037 -0.135787
11     0.002063 -0.128916
12     0.001987 -0.117221
13     0.001873 -0.058983
14     0.001906 -0.101014
15     0.001714 -0.039035
16     0.001770 -0.078419
SIDAR dE2
1      0.001714 -0.100749
2      0.001976 -0.040552
3      0.001976 -0.095870
4      0.002160 -0.098105
5      0.002137 -0.160060
6      0.001928 -0.168315
7      0.002024 -0.118963
8      0.001820 -0.105735
9      0.001975 -0.179677
10     0.001841 -0.125394
11     0.001855 -0.082425
12     0.001883 -0.138969
13     0.001670 -0.004832
14     0.001705 0.010477
15     0.001751 -0.046326
16     0.001557 0.039100
SIDAR dE3
1      0.001780 -0.017153
2      0.001952 -0.100879
3      0.002219 -0.057925
4      0.002131 -0.193897
5      0.002131 -0.091591
6      0.002025 -0.112637
7      0.002131 -0.057489
8      0.002077 -0.073310
9      0.002697 -0.398440
10     0.001862 -0.060176
11     0.001841 -0.045891
12     0.005998 -0.111841
13     0.001705 -0.072137
14     0.001636 -0.044140
15     0.001705 -0.051677
16     0.000797 2.803471
SIDAR dE4
1      0.000000 0.000000
2      0.002744 -0.219606
3      0.002250 -0.212182
4      0.002347 -0.145133
5      0.002219 -0.093432
6      0.002196 -0.154124
7      0.002050 -0.105764
8      0.002189 -0.172148
9      0.002282 -0.186609
10     0.002051 -0.145703
11     0.002025 -0.145035
12     0.001975 -0.118438
13     0.002025 -0.193631
14     0.001862 -0.068808
15     0.001848 -0.111029
16     0.000000 0.000000
SIDAR dE5
1      0.001780 -0.202260
2      0.002000 -0.166738
3      0.002131 -0.227999
4      0.002159 -0.282645
5      0.002189 -0.285974
6      0.002103 -0.233976
7      0.001999 -0.167826
8      0.002077 -0.172994
9      0.002042 -0.271344
10     0.001841 -0.168924
11     0.001884 -0.136760
12     0.000904 2.786779
13     0.001780 -0.202260
14     0.001742 -0.149734
15     0.001687 -0.192745
16     0.001619 -0.141211
SIDAR dE6
1      0.001723 -0.175609
2      0.001975 -0.205358
3      0.002132 -0.225702
4      0.002314 -0.208221
5      0.002287 -0.276134
6      0.002103 -0.208737
7      0.002131 -0.287677
8      0.002131 -0.117167
9      0.002077 -0.206222
10     0.001975 -0.229064
11     0.001928 -0.262809
12     0.002000 -0.150738
13     0.001761 -0.214073
14     0.001800 -0.167849
15     0.001636 -0.168485
16     0.001653 -0.200558
X3 dE5
1      0.003951 -0.098683
X3 dE7
1      0.003940 -0.114495
X3 dE6
1      0.004048 -0.035655
X3 dE3
1      0.003951 0.138373
X3 dE10
1      0.003951 -0.019664
X3 dE1
1      0.004048 0.045299
X3 dE12
1      0.004152 -0.028937
X3 dE11
1      0.003767 -0.065183
X3 dE4
1      0.003951 0.011943
X3 dE9
1      0.003951 -0.051272
X3 dE2
1      0.003857 -0.079333
X3 dE8
1      0.004048 -0.181371
BB10 U1
1      0.003951 0.043551
2      0.003951 -0.051272
3      0.004050 -0.179233
4      0.004153 -0.118998
5      0.004058 -0.254751
6      0.003767 -0.065183
7      0.004050 -0.179233
8      0.004153 -0.185454
BB10 U3
1      0.003763 -0.198994
2      0.003950 -0.186815
3      0.003951 -0.130290
4      0.002215 2.704708
5      0.003951 -0.114487
6      0.004048 -0.359468
7      0.004050 -0.292633
8      0.004050 -0.292633
BB10 U2
1      0.003600 -0.121052
2      0.003855 -0.158738
3      0.003845 -0.174167
4      0.003855 -0.189562
5      0.003951 -0.193505
6      0.003767 -0.065183
7      0.003951 -0.193505
8      0.003951 -0.335739
BB10 U6
1      0.004048 -0.116608
2      0.004263 -0.153228
3      0.004270 -0.144697
4      0.003767 -0.050114
5      0.004153 -0.152226
6      0.004172 -0.127291
7      0.003951 0.090962
8      0.004153 -0.168840
BB10 U5
1      0.004153 0.030527
2      0.004135 0.005592
3      0.003857 -0.033048
4      0.004263 -0.016807
5      0.003951 0.090962
6      0.004050 0.031367
7      0.004263 0.000246
8      0.004153 -0.069157
BB10 U4
1      0.004153 -0.218682
2      0.003951 -0.098683
3      0.004378 -0.088968
4      0.004153 -0.185454
5      0.004263 -0.221439
6      0.004153 -0.152226
7      0.004263 -0.204386
8      0.004153 -0.185454
BB10 U8
1      0.004050 -0.146833
2      0.004048 -0.051846
3      0.004036 -0.068045
4      0.004263 -0.238491
5      0.004153 -0.019315
6      0.004147 -0.027627
7      0.004153 -0.218682
8      0.003951 -0.177702
BB10 U7
1      0.003767 -0.185734
2      0.003767 -0.185734
3      0.003951 -0.225113
4      0.003967 -0.201394
5      0.003951 -0.177727
6      0.003951 -0.256720
7      0.003682 -0.268333
8      0.003951 -0.161898
BB10 U9
1      0.004048 0.126252
2      0.004378 -0.071456
3      0.004263 -0.085018
4      0.004048 -0.100418
5      0.004157 0.042685
6      0.004153 -0.019315
7      0.004263 -0.136175
8      0.004153 -0.052543
BB10 U11
1      0.001991 2.813524
2      0.001899 2.744583
3      0.001805 2.855592
4      0.004378 -0.159014
5      0.001991 2.749815
6      0.001890 2.882731
7      0.001896 2.834150
8      0.001888 2.822766
BB10 U10
1      0.004048 -0.262324
2      0.004050 -0.001033
3      0.004050 -0.227833
4      0.004153 -0.035929
5      0.004172 -0.010993
6      0.004628 0.037062
7      0.004153 -0.251910
8      0.004263 -0.221439
BB10 U12
1      0.002155 2.432364
2      0.003951 0.043551
3      0.004378 -0.334131
4      0.001881 2.936365
5      0.004263 -0.221439
6      0.004627 -0.029195
7      0.004378 -0.491736
8      0.000000 0.000000
